<?xml version="1.0"?>
<opencv_storage>
<camera_matrix type_id="opencv-matrix">
  <rows>3</rows>
  <cols>3</cols>
  <dt>d</dt>
  <data>
    1372.8133395091654 0. 929.21881140183859 0. 1370.1052959097617
    555.26487087291423 0. 0. 1.</data></camera_matrix>
<dist_coeffs type_id="opencv-matrix">
  <rows>1</rows>
  <cols>5</cols>
  <dt>d</dt>
  <data>
    0.11894773925598176 -0.296540856863938 -0.0002287050140371977
    -0.0055559547420790702 0.2417899101838534</data></dist_coeffs>
</opencv_storage>
