Method: Tsai
T_cam2ee (Eye to Hand):
[[ 8.47631641e-01 -1.10562138e-01 -5.18937969e-01  6.88390983e+02]
 [ 2.52081262e-01  9.44531506e-01  2.10511925e-01 -1.11906104e+02]
 [ 4.66878613e-01 -3.09251107e-01  8.28485433e-01 -3.14829070e+02]
 [ 0.00000000e+00  0.00000000e+00  0.00000000e+00  1.00000000e+00]]
Mean translation error: 761.1365 mm

Method: Park
T_cam2ee (Eye to Hand):
[[ 9.55227108e-01  1.20447964e-01 -2.70247036e-01  4.44713918e+01]
 [-2.33895317e-01 -2.51977793e-01 -9.39042157e-01 -3.54328571e+01]
 [ 1.81201968e-01 -9.60208040e-01  2.12523804e-01  1.36063169e+02]
 [ 0.00000000e+00  0.00000000e+00  0.00000000e+00  1.00000000e+00]]
Mean translation error: 267.7512 mm

Method: Horaud
T_cam2ee (Eye to Hand):
[[ -0.69984337   0.42703784   0.57258881 -72.21956587]
 [ -0.70185466  -0.26214585  -0.66232892  68.69647417]
 [ -0.13273773  -0.86540062   0.48317953 111.05925741]
 [  0.           0.           0.           1.        ]]
Mean translation error: 323.9094 mm

Method: Andreff
T_cam2ee (Eye to Hand):
[[ -0.37759453   0.85318351   0.35986147 -40.94581127]
 [ -0.72481432  -0.5141868    0.45853695 -36.953938  ]
 [  0.57625218  -0.0876917    0.81255375  81.30158328]
 [  0.           0.           0.           1.        ]]
Mean translation error: 262.5342 mm

Method: Daniilidis
T_cam2ee (Eye to Hand):
[[nan nan nan nan]
 [nan nan nan nan]
 [nan nan nan nan]
 [ 0.  0.  0.  1.]]
Mean translation error: nan mm

