<?xml version="1.0"?>
<opencv_storage>
<camera_matrix type_id="opencv-matrix">
  <rows>3</rows>
  <cols>3</cols>
  <dt>d</dt>
  <data>
    6.0854823343532428e+02 0. 3.1227337791147784e+02 0.
    6.0777127432414659e+02 2.3895286028847906e+02 0. 0. 1.</data></camera_matrix>
<dist_coeffs type_id="opencv-matrix">
  <rows>1</rows>
  <cols>5</cols>
  <dt>d</dt>
  <data>
    4.2678082437250631e-02 4.8966890196044677e-01
    -3.9838435621992229e-03 1.0724924577245176e-03
    -1.9254367101603453e+00</data></dist_coeffs>
</opencv_storage>
